a <- 4045677 * 10
b <- 2845392 * 15
c <- 4765434 * 9
d <- 1905333 * 21
e <- 2992342 * 14
f <- 6792330 * 6
g <- 4759746 * 9
h <- 2718780 * 15

copies <- 10 + 15 + 9 + 21 + 14 + 6 + 9 + 15

truth <- (a + b + c + d + e + f + g + h) / copies


